step,reward,x,y,x_vel,y_vel,theta,theta_vel,leg_1,leg_2,main_eng,side_eng
1.0,-0.9955902115490801,0.004325198940932751,1.3958711624145508,0.21368253231048584,-0.347258061170578,-0.0033295166213065386,-0.01582576148211956,0.0,0.0,-0.985625057906125,-0.8825916103366801
2.0,-0.9784525118029694,0.006388855166733265,1.387463092803955,0.2054976522922516,-0.37369632720947266,-0.002477993257343769,0.017032012343406677,0.0,0.0,-0.9335126440406143,-1.0168997158959592
3.0,-0.8825539533441645,0.008381938561797142,1.37844717502594,0.19665105640888214,-0.4007103145122528,0.00014610188372898847,0.05248688906431198,0.0,0.0,-0.7424675169709372,-0.903004162468211
4.0,-1.5595073056896411,0.01031026802957058,1.3688316345214844,0.18854063749313354,-0.4273581802845001,0.0043940297327935696,0.08496637642383575,0.0,0.0,-1.0544072142275047,-0.7087078627862735
5.0,-1.8561343246519186,0.012238502502441406,1.358616590499878,0.18852779269218445,-0.45402759313583374,0.00864096637815237,0.08494652807712555,0.0,0.0,-1.0864973704770327,-0.10406568298791471
6.0,-1.8178184200057501,0.014166546054184437,1.3478015661239624,0.1885150820016861,-0.4806970953941345,0.012887606397271156,0.08494051545858383,0.0,0.0,-0.6694578534933382,0.11084183744993333
7.0,-1.7765304093099985,0.016094494611024857,1.3363866806030273,0.18850268423557281,-0.5073665976524353,0.017133576795458794,0.08492707461118698,0.0,0.0,-1.0312477684982841,0.20505953888625267
8.0,-1.7328336740030466,0.01802234724164009,1.3243720531463623,0.18849016726016998,-0.5340362191200256,0.02137889340519905,0.08491417020559311,0.0,0.0,-0.8213141543042627,0.41059261974079875
9.0,-1.7693557228732846,0.020003128796815872,1.3117616176605225,0.19513769447803497,-0.5605124831199646,0.02428719773888588,0.05817142874002457,0.0,0.0,-0.8528398483407954,0.603874998036319
10.0,-1.4977537461740837,0.021983813494443893,1.298551082611084,0.1951296180486679,-0.5871816277503967,0.027195634320378304,0.058173973113298416,0.0,0.0,-0.8439380953221154,-0.12738911265646113
11.0,-1.4495471563179763,0.023964310064911842,1.2847408056259155,0.1951213777065277,-0.6138507127761841,0.030103320255875587,0.05815882235765457,0.0,0.0,-0.6608193177816977,-0.36049597701598635
12.0,-1.4000683357911612,0.025944804772734642,1.270330548286438,0.19511279463768005,-0.6405198574066162,0.0330105684697628,0.058150339871644974,0.0,0.0,-0.3425608434671887,-0.20599051721889322
13.0,-0.38313124300968293,0.028022194281220436,1.2556743621826172,0.20430240035057068,-0.6514613032341003,0.036411553621292114,0.06802587956190109,0.0,0.0,0.24756488057978157,-0.07824544032243631
14.0,1.951862089074325,0.030044173821806908,1.2412227392196655,0.1989406794309616,-0.6423773169517517,0.039643846452236176,0.06465145200490952,0.0,0.0,0.27841041906706415,0.02566863817967588
15.0,1.1665486137715164,0.03202104568481445,1.2267946004867554,0.19455865025520325,-0.6413378119468689,0.04274173825979233,0.061963461339473724,0.0,0.0,0.2590641353642482,-0.07810643500797615
16.0,1.3481682162483708,0.0339323990046978,1.2124147415161133,0.1882251650094986,-0.6391932964324951,0.045618936419487,0.0575491301715374,0.0,0.0,0.22183519635131882,0.29772558701257734
17.0,2.631742727229306,0.035875700414180756,1.1984773874282837,0.19112886488437653,-0.6195363402366638,0.048795185983181,0.06353089213371277,0.0,0.0,0.5760571728861679,0.40439688114597483
18.0,1.552312284044632,0.03785858303308487,1.184731125831604,0.1947648972272873,-0.6110619902610779,0.05227602645754814,0.06962309777736664,0.0,0.0,0.1149445552933365,0.30374623046901517
19.0,-1.5328098283981455,0.03989105299115181,1.170387864112854,0.20099715888500214,-0.637559175491333,0.05450386554002762,0.044560715556144714,0.0,0.0,-0.04102267815526309,0.7563288533181163
20.0,1.648197346404595,0.04200687259435654,1.1562808752059937,0.20879264175891876,-0.6270824074745178,0.05726226791739464,0.05517309159040451,0.0,0.0,0.5645440688791277,-0.037698347557844444
21.0,0.35901886303801006,0.04405917972326279,1.1419686079025269,0.20365850627422333,-0.6361584067344666,0.058818500488996506,0.031127503141760826,0.0,0.0,0.2625527338824091,0.5033271668365985
22.0,1.2273326171447478,0.04619894176721573,1.1277837753295898,0.21185609698295593,-0.630526602268219,0.060914136469364166,0.041916631162166595,0.0,0.0,0.6771265216812061,-0.12665761576858106
23.0,0.6722288151429325,0.04834480211138725,1.1135385036468506,0.21233554184436798,-0.6332112550735474,0.06313913315534592,0.044503871351480484,0.0,0.0,0.6648419575894247,0.2132471977157893
24.0,1.2451702031808112,0.05048799514770508,1.0993666648864746,0.21195633709430695,-0.629962146282196,0.06548373401165009,0.04689619317650795,0.0,0.0,0.6443202470924537,0.18614024149086558
25.0,1.1431904516211955,0.05271167680621147,1.0852934122085571,0.22127346694469452,-0.6255291104316711,0.06656905263662338,0.02170633152127266,0.0,0.0,0.5863454462461507,0.6907740650289652
26.0,3.9884669133396073,0.05478610843420029,1.071815848350525,0.20679661631584167,-0.5990336537361145,0.06721112877130508,0.012841461226344109,0.0,0.0,0.746076943694023,-0.14819934277592484
27.0,3.7451667107560693,0.05678367614746094,1.0589430332183838,0.19920898973941803,-0.5721489191055298,0.06774799525737762,0.01073727011680603,0.0,0.0,0.7661674404320399,-0.12390211602238145
28.0,-0.014230652679447064,0.05884561687707901,1.0458769798278809,0.20525899529457092,-0.5807561874389648,0.06866694241762161,0.018378846347332,0.0,0.0,0.35454502932606224,0.29959357561849354
29.0,0.6219742058995849,0.06096496433019638,1.032778024673462,0.21062152087688446,-0.5822380781173706,0.06997150182723999,0.02609141543507576,0.0,0.0,0.4866448313739275,0.1640586261993755
30.0,1.2841710168128315,0.06308126449584961,1.019766092300415,0.21017825603485107,-0.5783725380897522,0.07141023874282837,0.028774669393897057,0.0,0.0,0.5768475295848632,0.42418173415729066
31.0,3.4518662233275053,0.065038301050663,1.0072352886199951,0.19475330412387848,-0.5569757223129272,0.07235226780176163,0.018840264528989792,0.0,0.0,0.5042156713261032,0.35106902910261767
32.0,2.6769193786411813,0.06695632636547089,0.995079517364502,0.19201260805130005,-0.540246307849884,0.0721428394317627,-0.004188575316220522,0.0,0.0,0.31371570714040076,0.5396486458077098
33.0,1.795447392122793,0.06882095336914062,0.9830814003944397,0.18675141036510468,-0.5332397818565369,0.07185567915439606,-0.0057434020563960075,0.0,0.0,0.6885519956989876,0.3303105913886383
34.0,3.5598981638385054,0.07074002921581268,0.9717793464660645,0.19166044890880585,-0.5023282170295715,0.07210751622915268,0.005036445334553719,0.0,0.0,0.754838477755382,0.1397603381596838
35.0,-1.462205866158272,0.07271547615528107,0.9598782062530518,0.1987132579088211,-0.5288792848587036,0.07094745337963104,-0.023201096802949905,0.0,0.0,-0.03825069978143217,0.5866492975678522
36.0,1.8115829774715462,0.0746307373046875,0.94813472032547,0.19149111211299896,-0.5219347476959229,0.0709792822599411,0.0006365813896991313,0.0,0.0,0.5104806333213291,-0.5733707906627366
37.0,3.716519504849032,0.0763711929321289,0.9369192123413086,0.17458342015743256,-0.49843844771385193,0.07045194506645203,-0.01054699532687664,0.0,0.0,0.4851305016478389,0.24644675829398544
38.0,1.0188148936971744,0.07805585861206055,0.9256678223609924,0.16913151741027832,-0.5000321865081787,0.0697893276810646,-0.01325235515832901,0.0,0.0,0.2105501321755983,0.1443778457133467
39.0,0.12337096551746071,0.07979021221399307,0.9142563343048096,0.17378270626068115,-0.5071631073951721,0.0694512203335762,-0.006762316916137934,0.0,0.0,0.38425522936641676,0.2721302031887277
40.0,2.2621497018185552,0.08158349990844727,0.9032176733016968,0.179185688495636,-0.490614116191864,0.06959334015846252,0.002842073794454336,0.0,0.0,0.24809359121214206,0.043341439238050644
41.0,2.025208537210722,0.08328447490930557,0.8923795223236084,0.17020781338214874,-0.481688916683197,0.06948120146989822,-0.0022428478114306927,0.0,0.0,0.28836652498471366,0.3216716831265723
42.0,-0.22456417457598377,0.0850730910897255,0.881321132183075,0.1799577921628952,-0.4914378821849823,0.06839939206838608,-0.021636003628373146,0.0,0.0,0.021418140295780402,0.5370216793705441
43.0,2.2149978020231855,0.0867677703499794,0.8704897165298462,0.17082397639751434,-0.4813339412212372,0.0670585185289383,-0.026817142963409424,0.0,0.0,0.6054340864446427,-0.3113119409881352
44.0,0.45288847673310784,0.08835887908935547,0.8594344258308411,0.160865917801857,-0.49126747250556946,0.06531719863414764,-0.034826524555683136,0.0,0.0,0.24276825032284083,-0.1327381155851186
45.0,1.4735524156298936,0.08981828391551971,0.8483867049217224,0.14819076657295227,-0.4909129738807678,0.06309061497449875,-0.04453164339065552,0.0,0.0,0.646687195465522,-0.33536163998932833
46.0,3.6104378596683833,0.09120120853185654,0.8379316926002502,0.13919396698474884,-0.46462947130203247,0.06219964474439621,-0.0178193561732769,0.0,0.0,0.7352054488334606,-0.6415161486079326
47.0,-0.41507772571449664,0.0926724448800087,0.8272222876548767,0.1475425809621811,-0.47595393657684326,0.06178262084722519,-0.008340686559677124,0.0,0.0,0.1895771296771176,0.1923160761427743
48.0,0.8330889639837948,0.09413633495569229,0.8165030479431152,0.14672887325286865,-0.4763980209827423,0.06144421920180321,-0.006767979823052883,0.0,0.0,0.5392039586712251,0.3619525488625598
49.0,0.685251272933948,0.0954957976937294,0.8056623339653015,0.13667680323123932,-0.4817754328250885,0.06071419268846512,-0.014600242488086224,0.0,0.0,0.45444164401248743,0.3392004043473034
50.0,2.061106289171488,0.09686851501464844,0.7951057553291321,0.13778848946094513,-0.46916526556015015,0.06021181121468544,-0.010047852993011475,0.0,0.0,0.34396549833271445,0.25553487550291604
51.0,1.1542986910574995,0.09833183139562607,0.7846648693084717,0.14779457449913025,-0.46398404240608215,0.05876496061682701,-0.02893715165555477,0.0,0.0,0.29755507242165063,0.5539223563767846
52.0,3.167947925498703,0.09965944290161133,0.7746576070785522,0.13466408848762512,-0.4446974992752075,0.056878749281167984,-0.037724144756793976,0.0,0.0,0.5209012410332894,-0.26540903987251135
53.0,0.3988904634574897,0.10101823508739471,0.7645607590675354,0.13654062151908875,-0.4487238824367523,0.05622903257608414,-0.012994542717933655,0.0,0.0,0.29611120366841637,-0.5173763312267595
54.0,-1.4501331717061987,0.1023770347237587,0.7538639903068542,0.13654062151908875,-0.47539061307907104,0.05557931214570999,-0.012994533404707909,0.0,0.0,-0.004613703915796075,0.24044371880248225
55.0,1.6847600796367828,0.10374756157398224,0.7433681488037109,0.13752225041389465,-0.4664604365825653,0.05512135848402977,-0.009159011766314507,0.0,0.0,0.414252469089064,0.35773738904569125
56.0,-0.37908066208030616,0.10525789111852646,0.732657790184021,0.15232424437999725,-0.47596976161003113,0.05384164676070213,-0.025594200938940048,0.0,0.0,0.24298776900680552,0.5311666774854172
57.0,1.6805293634022462,0.10665120929479599,0.7220373749732971,0.14105960726737976,-0.47195741534233093,0.05213645473122597,-0.03410399705171585,0.0,0.0,0.5811117464853277,0.15165127552554425
58.0,0.4017819199808258,0.1080249771475792,0.7112674713134766,0.13912150263786316,-0.4786071181297302,0.05041339620947838,-0.034460969269275665,0.0,0.0,0.5482852283373125,0.015195591028595197
59.0,1.1462010857479612,0.10949039459228516,0.7006048560142517,0.14774084091186523,-0.4738483428955078,0.049223627895116806,-0.02379516512155533,0.0,0.0,0.40911474832973327,0.12396743022411907
60.0,1.963247874416345,0.11096944659948349,0.6902017593383789,0.148919016122818,-0.4623263478279114,0.048228055238723755,-0.01991160586476326,0.0,0.0,0.35602719204395283,0.27433031532719254
61.0,1.688788615084988,0.11243076622486115,0.6799818873405457,0.14710693061351776,-0.45418721437454224,0.047267038375139236,-0.019220568239688873,0.0,0.0,0.48448795687060897,0.49510579118027964
62.0,-0.026433317249885124,0.11399698257446289,0.6696330308914185,0.1570357084274292,-0.4599404036998749,0.046859439462423325,-0.00815234798938036,0.0,0.0,0.3505316832816494,0.3522468289030075
63.0,1.4086198704063086,0.1156252846121788,0.6594570875167847,0.164428249001503,-0.4522194564342499,0.045274101197719574,-0.03170652687549591,0.0,0.0,0.25782245170444273,0.6237839014041379
64.0,0.9046463602545713,0.11719055473804474,0.6492223143577576,0.158348947763443,-0.45482081174850464,0.0434734933078289,-0.03601215034723282,0.0,0.0,0.4292213156488859,0.13489879068749522
65.0,2.3122396407945134,0.11884107440710068,0.639409601688385,0.1663433313369751,-0.4360855221748352,0.042204469442367554,-0.025380685925483704,0.0,0.0,0.576708692627353,0.22164879857762576
66.0,1.0802555847455437,0.1203891783952713,0.6295498013496399,0.1564946472644806,-0.43817058205604553,0.040533557534217834,-0.03341817110776901,0.0,0.0,0.15082405309220714,0.20045222106639815
67.0,1.4143268694482458,0.12183666229248047,0.6197293400764465,0.14683544635772705,-0.4364061951637268,0.03847832605242729,-0.04110454022884369,0.0,0.0,0.40615551756037693,0.3318320087737892
68.0,2.0680301050249654,0.12324981391429901,0.6101560592651367,0.14345036447048187,-0.4254296123981476,0.03636461868882179,-0.042274173349142075,0.0,0.0,0.3525117073744806,0.22670212857927471
69.0,0.7083935961610848,0.12473821640014648,0.6005980372428894,0.15055257081985474,-0.4247579276561737,0.03466792032122612,-0.03393394872546196,0.0,0.0,0.3276078942390963,0.11396308434993935
70.0,1.548390266381324,0.12616682052612305,0.5911530256271362,0.14477281272411346,-0.4197327792644501,0.03277105838060379,-0.03793702647089958,0.0,0.0,0.34155203594324907,0.3478701284087097
71.0,2.414731101290144,0.12749405205249786,0.5819884538650513,0.13503269851207733,-0.4072677493095398,0.03049538843333721,-0.04551345854997635,0.0,0.0,0.15618110393834508,0.21057073120962122
72.0,0.2652411373259696,0.12875385582447052,0.5726072788238525,0.12856914103031158,-0.41689032316207886,0.027944138273596764,-0.05102524906396866,0.0,0.0,0.058956076155657636,0.04028168969099965
73.0,2.756120958578825,0.12993422150611877,0.5635986924171448,0.12090499699115753,-0.4003297984600067,0.02510926127433777,-0.0566972978413105,0.0,0.0,0.2479677718989825,0.08756414387160857
74.0,-1.367253821440002,0.13111457228660583,0.5539902448654175,0.12090501934289932,-0.4269971549510956,0.022274401038885117,-0.056697241961956024,0.0,0.0,-0.09420781146071527,-0.1891590238198344
75.0,0.3851503509840171,0.132365420460701,0.5442891716957092,0.12759312987327576,-0.4311237633228302,0.01980077475309372,-0.04947272688150406,0.0,0.0,0.29313735254203677,-0.20135386426629126
76.0,0.5581815396763006,0.13355903327465057,0.5344441533088684,0.12210401147603989,-0.4375215172767639,0.01709013618528843,-0.0542125403881073,0.0,0.0,0.1798438664091049,0.17606732249427637
77.0,2.422078742478257,0.134772390127182,0.5249581933021545,0.12393122911453247,-0.4215750992298126,0.014521478675305843,-0.05137326568365097,0.0,0.0,0.3814956748710553,0.4909376681027477
78.0,0.45399373579859914,0.1358988732099533,0.5152822136878967,0.11564461141824722,-0.4300194978713989,0.011570071801543236,-0.05902792885899544,0.0,0.0,0.07173332910552653,0.008732988546018228
79.0,-0.48726014539017226,0.13712748885154724,0.5053190588951111,0.12536361813545227,-0.4427880048751831,0.009102152660489082,-0.04935874789953232,0.0,0.0,0.16880202334609906,0.13452876534116995
80.0,2.4701037609810697,0.13842372596263885,0.4957672953605652,0.1317753940820694,-0.4245128929615021,0.006975481752306223,-0.04253329709172249,0.0,0.0,0.32551826976402504,0.4057752820713337
81.0,0.08765588557766649,0.13979586958885193,0.4860726594924927,0.13900846242904663,-0.43086254596710205,0.005210313480347395,-0.03530363738536835,0.0,0.0,0.07028486427312493,0.364565387772901
82.0,0.11348956277283606,0.14110346138477325,0.47612330317497253,0.13379769027233124,-0.44218572974205017,0.0022058216854929924,-0.06008973717689514,0.0,0.0,0.09478023016652155,0.5276935080644544
83.0,3.209658034323607,0.14234104752540588,0.4667123258113861,0.12711957097053528,-0.4182642102241516,-0.0011143137235194445,-0.06640282273292542,0.0,0.0,0.6541014035302921,-0.03780304289590328
84.0,0.8714980488646489,0.14362382888793945,0.45745718479156494,0.13143578171730042,-0.4113435745239258,-0.004227457568049431,-0.06226293370127678,0.0,0.0,0.3046096017797358,-0.20049550617324258
85.0,-0.7819617975380367,0.14498940110206604,0.4479796290397644,0.1393275409936905,-0.42123886942863464,-0.006962651386857033,-0.054703760892152786,0.0,0.0,0.2325729507777051,-0.3820534790035408
86.0,1.4758545761223787,0.1462940275669098,0.4387344419956207,0.1335352063179016,-0.4109126329421997,-0.009997458197176456,-0.060696136206388474,0.0,0.0,0.4664856046750156,-0.09149596969376148
87.0,2.6269580988607855,0.14760227501392365,0.43006160855293274,0.13391903042793274,-0.38548383116722107,-0.013051182962954044,-0.06107445806264877,0.0,0.0,0.6368334325910967,-0.350641118420702
88.0,1.4583899634890831,0.14881181716918945,0.4215678870677948,0.1231205090880394,-0.37751901149749756,-0.015188771300017834,-0.042751871049404144,0.0,0.0,0.16025486376123516,-0.5238793984184574
89.0,-1.94186204819961,0.15002135932445526,0.4124741852283478,0.1231205016374588,-0.40418606996536255,-0.01732635870575905,-0.04275185614824295,0.0,0.0,-0.19214632984279173,-0.2996704185300928
90.0,0.9122233631788277,0.15119056403636932,0.40347713232040405,0.11931563913822174,-0.39990249276161194,-0.01968737691640854,-0.047220662236213684,0.0,0.0,0.16772579693993678,0.03271024784193169
91.0,-1.9427627961405562,0.1523597687482834,0.39388003945350647,0.11931563913822174,-0.4265696406364441,-0.022048411890864372,-0.047220684587955475,0.0,0.0,-0.030948060825076645,-0.3609729048320087
92.0,2.216148405894299,0.15361090004444122,0.38476911187171936,0.12719210982322693,-0.4049610197544098,-0.0241044033318758,-0.041120100766420364,0.0,0.0,0.5206940307352455,-0.06365552585088338
93.0,-0.10562580778159258,0.1548570692539215,0.3755263090133667,0.12676478922367096,-0.41082701086997986,-0.026217486709356308,-0.04226172715425491,0.0,0.0,0.043627691132039084,-0.2806741968341794
94.0,1.835288011308799,0.1560986489057541,0.3666315972805023,0.1263972818851471,-0.39536252617836,-0.02842852473258972,-0.044220633804798126,0.0,0.0,0.34926537801353236,-0.40061055723335687
95.0,0.10894293580164005,0.15741100907325745,0.357692688703537,0.13194595277309418,-0.397301584482193,-0.029136482626199722,-0.014158854261040688,0.0,0.0,0.41840259926358647,-0.6469768657559027
96.0,-1.7925993258827475,0.1587233543395996,0.348153680562973,0.13194596767425537,-0.4239683151245117,-0.029844436794519424,-0.014158869162201881,0.0,0.0,-0.3490741416751806,-0.32866172076303657
97.0,-0.15008276239416318,0.1601184904575348,0.3384968638420105,0.13988272845745087,-0.42919835448265076,-0.030213775113224983,-0.007386703975498676,0.0,0.0,0.27324908901447625,-0.0435347434525406
98.0,2.3009677010584992,0.16142702102661133,0.3292109966278076,0.1317184716463089,-0.4127233922481537,-0.03107374534010887,-0.017199350520968437,0.0,0.0,0.4096768443929566,-0.3729094048422019
99.0,0.21537484207318017,0.1628521978855133,0.319929838180542,0.14290574193000793,-0.4125031530857086,-0.03145163506269455,-0.007557954639196396,0.0,0.0,0.20718291736185446,-0.42707145444700184
100.0,1.1032047102933518,0.16420602798461914,0.31074801087379456,0.13616374135017395,-0.40810081362724304,-0.032227516174316406,-0.015517274849116802,0.0,0.0,0.3720608959309457,-0.43123099417502786
101.0,1.8084306148638745,0.1657094955444336,0.3020075857639313,0.15053434669971466,-0.388467401266098,-0.032414596527814865,-0.003741505788639188,0.0,0.0,0.5429096567868469,-0.48353100905142504
102.0,0.23012475154803952,0.16729936003684998,0.293246865272522,0.15774399042129517,-0.3893405795097351,-0.03118971548974514,0.024497713893651962,0.0,0.0,0.43471538451600733,-0.575411055543253
103.0,-0.2958322220858946,0.16896334290504456,0.28431522846221924,0.1648525893688202,-0.3969283699989319,-0.02966318652033806,0.030530694872140884,0.0,0.0,0.09864314192704954,-0.2548398444191835
104.0,1.0742382756908768,0.17068949341773987,0.2755427062511444,0.17084389925003052,-0.3898560404777527,-0.027918631210923195,0.034891027957201004,0.0,0.0,0.17353710552281312,-0.2988509045083402
105.0,0.733212810955979,0.17234782874584198,0.2667418420314789,0.16443970799446106,-0.3911244571208954,-0.026536213234066963,0.027648473158478737,0.0,0.0,0.3079674697185017,-0.1566925230409813
106.0,0.8198095549255158,0.17410564422607422,0.25808852910995483,0.17396767437458038,-0.38456282019615173,-0.02475549280643463,0.03561457246541977,0.0,0.0,0.35980548166136883,-0.2503969842781397
107.0,2.2205417295002947,0.17586994171142578,0.24986237287521362,0.17467603087425232,-0.3655790090560913,-0.023022310808300972,0.03466370701789856,0.0,0.0,0.47751255170582396,-0.3926171876744514
108.0,2.2937710785355394,0.17761364579200745,0.24206680059432983,0.17278534173965454,-0.34644386172294617,-0.02145727165043354,0.031300757080316544,0.0,0.0,0.310364727270862,-0.4937091231912654
109.0,1.974932029953182,0.17920751869678497,0.2344558984041214,0.1570141464471817,-0.33823102712631226,-0.019106514751911163,0.04701511189341545,0.0,0.0,0.21584328381530454,-0.5208810444602129
110.0,-0.5762817063741863,0.18080587685108185,0.2265622764825821,0.15745359659194946,-0.3508009612560272,-0.016753945499658585,0.04705135151743889,0.0,0.0,0.15682753810363143,-0.40170952701705903
111.0,1.650990955566538,0.1823883056640625,0.2188890129327774,0.1546846330165863,-0.3410002589225769,-0.013242042623460293,0.0702381506562233,0.0,0.0,0.2346157609494742,-0.5636919913635152
112.0,-1.5659027262211822,0.18397073447704315,0.2106158584356308,0.15468460321426392,-0.3676680028438568,-0.009730140678584576,0.07023811340332031,0.0,0.0,-0.03415184860689584,-0.32321026881648246
113.0,0.35201112255206796,0.18556252121925354,0.20227791368961334,0.15559524297714233,-0.370555579662323,-0.006190702319145203,0.07078840583562851,0.0,0.0,0.4370301111412963,-0.01186737432171546
114.0,1.4389007813945,0.18703050911426544,0.19404037296772003,0.14380918443202972,-0.36610615253448486,-0.003237103344872594,0.05907198786735535,0.0,0.0,0.4130057937516312,0.2767912099500146
115.0,2.9153973802215063,0.18854102492332458,0.18642498552799225,0.14787045121192932,-0.3384557366371155,-9.881824371404946e-05,0.0627657026052475,0.0,0.0,0.5549894906828787,0.11995516879005297
116.0,-0.37726758762482293,0.18998460471630096,0.1786613017320633,0.1414947509765625,-0.3450565040111542,0.0027300433721393347,0.05657723546028137,0.0,0.0,0.2660316214670334,0.10192495290914538
117.0,-0.8805146311289065,0.19146308302879333,0.17072969675064087,0.14481717348098755,-0.3525243401527405,0.005724103655666113,0.05988120287656784,0.0,0.0,0.2718040867746723,0.04827617899286988
118.0,-0.6123221244593253,0.19286708533763885,0.16259601712226868,0.137712761759758,-0.36150774359703064,0.008380877785384655,0.05313529446721077,0.0,0.0,0.3304603174093365,0.36330118258559274
119.0,-1.0888085739096738,0.19440345466136932,0.15435118973255157,0.15031135082244873,-0.36645832657814026,0.011662452481687069,0.06563161313533783,0.0,0.0,0.6008132760789131,0.2097010841928435
120.0,0.4717066128547282,0.19599895179271698,0.1463196575641632,0.15722452104091644,-0.3569759130477905,0.013963642530143261,0.046023596078157425,0.0,0.0,0.6544847352064085,0.5256838751315704
121.0,-0.3350281348908254,0.19754476845264435,0.13818791508674622,0.1524554342031479,-0.36143264174461365,0.0160561241209507,0.041849516332149506,0.0,0.0,0.7093583400111111,0.2532218367259429
122.0,3.4556634511952184,0.199072927236557,0.1309429556131363,0.15071073174476624,-0.3220217525959015,0.018141651526093483,0.041710369288921356,0.0,0.0,0.924927037135704,0.20665862983544903
123.0,3.012465579087549,0.20044183731079102,0.12432039529085159,0.13544967770576477,-0.2943560779094696,0.019558744505047798,0.028341863304376602,0.0,0.0,0.5930413297049183,-0.11081710515358845
124.0,0.5553148992788447,0.20157460868358612,0.11767145246267319,0.11104738712310791,-0.29554110765457153,0.021766535937786102,0.044155851006507874,0.0,0.0,0.8784977372559496,-0.630998385203242
125.0,0.10251232019400619,0.20259246230125427,0.11099639534950256,0.10004542022943497,-0.2966955602169037,0.0234810970723629,0.03429138660430908,0.0,0.0,0.5114526386793923,-0.22569664970494985
126.0,1.002842583476965,0.20362624526023865,0.10462068021297455,0.10149636119604111,-0.28339776396751404,0.025334639474749565,0.037070855498313904,0.0,0.0,0.518969737128816,-0.1527495592482791
127.0,2.894533168811475,0.2046651840209961,0.09902080148458481,0.10188321769237518,-0.24891744554042816,0.027320127934217453,0.03970976918935776,0.0,0.0,0.8014774931980573,-0.16324981573288005
128.0,-1.584697163577852,0.20578089356422424,0.09319804608821869,0.10812997817993164,-0.25885480642318726,0.03072487749159336,0.06809484958648682,0.0,0.0,0.440842254234854,-0.5653459590305726
129.0,0.003123801922414765,0.2068086564540863,0.08739331364631653,0.09967824071645737,-0.2580539882183075,0.03378124535083771,0.06112731620669365,0.0,0.0,0.4623517576608114,0.03218447598850027
130.0,-0.49916623825337747,0.20787258446216583,0.08159731328487396,0.10306410491466522,-0.25767719745635986,0.03706851601600647,0.06574559956789017,0.0,0.0,0.3455360083246621,-0.3434745335997517
131.0,1.6026935828445517,0.20888862013816833,0.07625220715999603,0.09838434308767319,-0.23764748871326447,0.04025515541434288,0.06373248249292374,0.0,0.0,0.3640080422035319,-0.08356665553607384
132.0,-0.0946362299972287,0.20976762473583221,0.07089558243751526,0.08350534737110138,-0.23819689452648163,0.04460245743393898,0.08694598078727722,0.0,0.0,0.43202568698440136,-0.6513612265620069
133.0,1.4093579620716497,0.21055975556373596,0.0659400075674057,0.07507098466157913,-0.22037553787231445,0.04868549853563309,0.08166112005710602,0.0,0.0,0.46879060109564613,-0.030934091511048756
134.0,0.5775300406367052,0.21132783591747284,0.06123412773013115,0.07265914231538773,-0.20928888022899628,0.05278567224740982,0.08200336247682571,0.0,0.0,0.3437794400963517,-0.4751594733345267
135.0,1.5718135083427895,0.21199646592140198,0.05695761367678642,0.06300677359104156,-0.19020946323871613,0.05659406632184982,0.07616813480854034,0.0,0.0,0.4325497794870391,-0.41984204788446244
136.0,0.22453032552137417,0.21263179183006287,0.05287879332900047,0.05781825631856918,-0.1815069317817688,0.062246859073638916,0.1130559891462326,0.0,0.0,0.41386713957664645,-0.8915189141513354
137.0,-1.3559390495310382,0.2132326066493988,0.04861708730459213,0.05444984883069992,-0.18965473771095276,0.0678204894065857,0.111472487449646,0.0,0.0,0.044276896751086064,-0.2867475978579878
138.0,-3.088845201682645,0.2138335257768631,0.043755706399679184,0.054450105875730515,-0.21632400155067444,0.07339408993721008,0.1114722490310669,0.0,0.0,-0.12061729577542404,0.2117505544601255
139.0,0.197504507181456,0.21450510621070862,0.039129361510276794,0.06314598768949509,-0.2058172971010208,0.0773763433098793,0.0796445906162262,0.0,0.0,0.20154590779278153,0.8171499518748713
140.0,2.110081054910978,0.21503829956054688,0.03504224866628647,0.04966547340154648,-0.18184338510036469,0.08099158853292465,0.07230505347251892,0.0,0.0,0.4909641422580783,0.0986759953481345
141.0,0.40868816759230525,0.21551170945167542,0.031176934018731117,0.04229488968849182,-0.17207087576389313,0.0859842300415039,0.09985281527042389,0.0,0.0,0.4363260306059874,-0.655943478019993
142.0,-3.0865702127681587,0.2159850150346756,0.026712022721767426,0.042295150458812714,-0.19873958826065063,0.09097685664892197,0.09985265880823135,0.0,0.0,-0.008401946113069367,-0.05048100392067839
143.0,-1.8714405724243977,0.21657733619213104,0.02202645316720009,0.05515313148498535,-0.20850327610969543,0.09501970559358597,0.08085698634386063,0.0,0.0,0.30064801395650875,0.5747912169626479
144.0,0.34876612118739814,0.21723394095897675,0.017596373334527016,0.06292687356472015,-0.19706588983535767,0.09773364663124084,0.05427879840135574,0.0,0.0,0.4250252651121165,0.7183040072976121
145.0,-0.741494161112253,0.21773795783519745,0.013010011054575443,0.04825098067522049,-0.20398102700710297,0.099879190325737,0.04291074350476265,0.0,0.0,0.5648875793098621,-0.29602507345988055
146.0,12.800742487909464,0.21819782257080078,0.009167513810098171,0.04361316189169884,-0.17093859612941742,0.10223457217216492,0.047107670456171036,0.0,1.0,0.7124773454135552,-0.16871106552112827
147.0,2.836622571040151,0.21868810057640076,0.005941674578934908,0.057568155229091644,-0.14306841790676117,0.09295272827148438,-0.18670013546943665,0.0,1.0,0.6412305707416828,0.9119871251080881
148.0,4.476491553914485,0.21903124451637268,0.0033216571900993586,0.05514385551214218,-0.11529353260993958,0.07227327674627304,-0.4136434495449066,0.0,1.0,0.17342382415687768,-0.9357335374214389
149.0,6.122116790928325,0.21925345063209534,0.0015640592901036143,0.051082104444503784,-0.0769815593957901,0.04369969293475151,-0.5715233087539673,0.0,1.0,0.5094551323597695,-1.103921086151282
150.0,4.436123388344484,0.21939659118652344,0.00017002582899294794,0.04517502337694168,-0.06134585291147232,0.01318792998790741,-0.6102817058563232,0.0,1.0,0.2779876639344133,-0.9976359698583652
151.0,1.4775164546094497,0.21937112510204315,-0.0010263466974720359,0.02500595711171627,-0.05315456539392471,-0.014009595848619938,-0.5439506769180298,0.0,1.0,0.0473858853932167,-0.9904416841066354
152.0,-14.857214399364155,0.21927805244922638,-0.0028144503012299538,0.0165138877928257,-0.07990780472755432,-0.039505504071712494,-0.5099179744720459,0.0,0.0,-0.20437165170844207,-1.0270146757831589
153.0,0.3947217634554048,0.21912288665771484,-0.0039249565452337265,0.008407719433307648,-0.050152771174907684,-0.06315633654594421,-0.4730166792869568,0.0,0.0,1.0269444943788195,-0.9458450124986251
154.0,-2.400212458392987,0.2189856469631195,-0.005017366260290146,0.008038369938731194,-0.04960936680436134,-0.08470498770475388,-0.4309728741645813,0.0,0.0,0.9097517344579452,-1.0192349103994613
155.0,-0.047497186551963735,0.21893854439258575,-0.005524196662008762,0.014903800562024117,-0.023751618340611458,-0.10413973778486252,-0.38869509100914,0.0,0.0,1.1136526994297,-0.9704578441079396
156.0,-1.351251772768548,0.21897020936012268,-0.005371740087866783,0.020625684410333633,0.0054662348702549934,-0.12148934602737427,-0.3469921052455902,0.0,0.0,0.6917991834068851,-1.001009529791577
157.0,-1.6698893905390793,0.21902170777320862,-0.00529120210558176,0.02060602232813835,0.0022489808034151793,-0.1368696242570877,-0.30760568380355835,0.0,0.0,0.05228652456807509,-1.10197263462864
158.0,-1.9783244029778604,0.21900911629199982,-0.005787267815321684,0.012491635046899319,-0.023366587236523628,-0.15058529376983643,-0.2743135094642639,0.0,0.0,-0.1432087509213916,-1.1063643205609803
159.0,-1.0112153656685865,0.2190273255109787,-0.0061762952245771885,0.013563275337219238,-0.01852075383067131,-0.16231422126293182,-0.23457877337932587,0.0,0.0,0.06289341136211105,-1.0206452484329125
160.0,-3.16703000109817,0.21896763145923615,-0.007152404636144638,0.0037640887312591076,-0.04447439685463905,-0.17206284403800964,-0.19497212767601013,0.0,0.0,-0.08704908176754322,-0.914412008938717
161.0,-1.1455341714328633,0.21887120604515076,-0.008168604224920273,-0.0017332866555079818,-0.04610069841146469,-0.17999409139156342,-0.15862466394901276,0.0,0.0,0.20736934935395726,-0.9132852010764316
162.0,-3.222187305674153,0.21868887543678284,-0.009759261272847652,-0.012552795931696892,-0.07139510661363602,-0.18570059537887573,-0.11413025856018066,0.0,0.0,-0.06183014628245187,-0.9182730873966758
163.0,-3.049789349411674,0.21844911575317383,-0.011921622790396214,-0.019817210733890533,-0.09663257747888565,-0.18987737596035004,-0.08353535830974579,0.0,0.0,-0.0034601489106534794,-1.1344197253713435
164.0,-0.9453974645786369,0.21830996870994568,-0.014231397770345211,-0.011528266593813896,-0.10296336561441422,-0.19226986169815063,-0.04784991964697838,0.0,0.0,0.22902010344905765,-0.8524559639467157
165.0,-0.1858348095715229,0.21821241080760956,-0.01653984934091568,-0.009335764683783054,-0.10265251249074936,-0.1926955282688141,-0.008513407781720161,0.0,0.0,0.06809664285818735,-0.9870421687391254
166.0,-2.563635993304541,0.21805229783058167,-0.01943313144147396,-0.017189834266901016,-0.1284378618001938,-0.19151371717453003,0.023636553436517715,0.0,0.0,-0.2735875835315651,-0.7768657207045574
167.0,12.178730409872564,0.2181195318698883,-0.022344186902046204,-0.01332533173263073,-0.12692305445671082,-0.17134438455104828,0.40344053506851196,1.0,0.0,-0.20715680635945197,-0.1436791990552825
168.0,9.942321867845502,0.21814307570457458,-0.025768794119358063,-0.02124575898051262,-0.14965686202049255,-0.1477147787809372,0.4726300835609436,1.0,1.0,-0.95997465186982,-0.9027244545769983
169.0,3.7014797665526813,0.21817760169506073,-0.028791822493076324,-0.018125763162970543,-0.132552832365036,-0.12736165523529053,0.4056321084499359,1.0,1.0,-1.0244772819236891,-1.0115244211438044
170.0,3.854578353106765,0.21821841597557068,-0.0313594825565815,-0.015035906806588173,-0.11260119080543518,-0.10834384709596634,0.38037025928497314,1.0,1.0,-1.0872971085787784,-0.8890955031210261
171.0,2.9461526808646865,0.21822881698608398,-0.033571626991033554,-0.013858025893568993,-0.0973048210144043,-0.09356047958135605,0.29567286372184753,1.0,1.0,-1.1147476867051662,-1.0103322481816952
172.0,2.7280137741065658,0.2182002067565918,-0.0354192741215229,-0.015332023613154888,-0.0813852846622467,-0.08118991553783417,0.24741503596305847,1.0,1.0,-1.1578699067254665,-1.0180245342480772
173.0,2.6021037501599027,0.2181597650051117,-0.03688511997461319,-0.013949419371783733,-0.06464014202356339,-0.07137957215309143,0.1962098926305771,1.0,1.0,-1.1179749110263848,-0.9276351087888874
174.0,2.6572814044030806,0.21811656653881073,-0.037946201860904694,-0.01410591322928667,-0.046722762286663055,-0.061692457646131516,0.1937497854232788,1.0,1.0,-1.0130093639110014,-1.1369816242140098
175.0,1.7527221217798172,0.21803684532642365,-0.03870823606848717,-0.013261223211884499,-0.03365824371576309,-0.056459832936525345,0.1046539768576622,1.0,1.0,-0.9246972367202964,-0.9373818022917797
176.0,1.4758149520474857,0.21790914237499237,-0.03912347927689552,-0.015891633927822113,-0.01834014430642128,-0.05337018519639969,0.06179438903927803,1.0,1.0,-0.858335903200502,-0.9777902321158587
177.0,1.3086745761284466,0.21780824661254883,-0.039225973188877106,-0.011021820828318596,-0.004515477456152439,-0.05245381221175194,0.01831214874982834,1.0,1.0,-0.8759146348186716,-0.8907813671210123
178.0,0.06138168602373398,0.2177267074584961,-0.03906311094760895,-0.007328758481889963,0.007207534275949001,-0.053280916064977646,-0.016540659591555595,1.0,1.0,-0.8131935944228644,-1.0029810906603525
179.0,-1.1710252259281317,0.2176658660173416,-0.0386357456445694,-0.0033847223967313766,0.018901348114013672,-0.05593162029981613,-0.05299104377627373,1.0,1.0,-0.8161594258926803,-0.9052721603625034
180.0,-1.419639217948897,0.21757344901561737,-0.03798225149512291,-0.005257925484329462,0.028889378532767296,-0.05987037718296051,-0.07877453416585922,1.0,1.0,-0.8956266860111735,-1.0217679790575958
181.0,-1.188090107684316,0.21742573380470276,-0.037186458706855774,-0.01005204115062952,0.03517111390829086,-0.0645342767238617,-0.0932781845331192,1.0,1.0,-0.9765366044792085,-0.9421761738257204
182.0,-0.8647836094968528,0.21723327040672302,-0.03633229807019234,-0.01428773533552885,0.03773833066225052,-0.06944123655557632,-0.09813928604125977,1.0,1.0,-0.8654238836229652,-1.0107604257281704
183.0,-0.44740795283059415,0.2170163094997406,-0.03550700098276138,-0.016986288130283356,0.03645268455147743,-0.07410816848278046,-0.09334005415439606,1.0,1.0,-1.0870111605004469,-0.9743071716523667
184.0,-0.11050644563786903,0.2167847603559494,-0.034778691828250885,-0.019152428954839706,0.03215910866856575,-0.07808831334114075,-0.07962203770875931,1.0,1.0,-0.9717756027080583,-0.8526278612419531
185.0,0.21739381054563126,0.21656779944896698,-0.034185316413640976,-0.01841781847178936,0.02619737945497036,-0.08133773505687714,-0.06498585641384125,1.0,1.0,-1.1620800309045118,-0.9689757840865578
186.0,0.15226395790108627,0.21635141968727112,-0.03372100740671158,-0.019171079620718956,0.020500341430306435,-0.0837828516960144,-0.048902083188295364,1.0,1.0,-1.148643194075504,-0.913387701626976
187.0,0.22413111366030705,0.21615877747535706,-0.03334975615143776,-0.01731877028942108,0.01638832315802574,-0.08571287989616394,-0.038602106273174286,1.0,1.0,-1.013783951575228,-1.0729951458447693
188.0,-0.0011718220057292672,0.2159733772277832,-0.033025387674570084,-0.016874337568879128,0.014318778179585934,-0.08736991882324219,-0.03314260393381119,1.0,1.0,-0.933031271132382,-1.0734142234295352
189.0,-0.03306526085865499,0.215800479054451,-0.03271607309579849,-0.015664400532841682,0.013652820140123367,-0.08896967768669128,-0.031997643411159515,1.0,1.0,-1.0177497298166192,-1.066324777200322
190.0,-0.0636669050991074,0.21565885841846466,-0.03237450495362282,-0.012253779917955399,0.015065477229654789,-0.09086304157972336,-0.03786928579211235,1.0,1.0,-0.9617984052903298,-0.9792244222522712
191.0,-0.3280483617036208,0.21552638709545135,-0.03198486939072609,-0.011005065403878689,0.017180288210511208,-0.09308765828609467,-0.04449328035116196,1.0,1.0,-0.9836093116599067,-0.8709564490137853
192.0,-0.45657262015161026,0.21540069580078125,-0.03153354302048683,-0.009904434904456139,0.01988987810909748,-0.0957268625497818,-0.0527825765311718,1.0,1.0,-1.2052834010855067,-1.0040326303106384
193.0,-0.4879438763125339,0.21528443694114685,-0.031026102602481842,-0.008528158068656921,0.022356215864419937,-0.09878616780042648,-0.061172086745500565,1.0,1.0,-0.9314463521230278,-1.0630871937582291
194.0,-0.548243451159885,0.21515950560569763,-0.030472423881292343,-0.009105963632464409,0.024385809898376465,-0.1021239385008812,-0.06673883646726608,1.0,1.0,-1.059790873912541,-0.8125266077800675
195.0,-0.5384098407920905,0.21499910950660706,-0.029904475435614586,-0.01273966021835804,0.025013834238052368,-0.10540514439344406,-0.06562446802854538,1.0,1.0,-0.8994030162339708,-1.0586315594674804
196.0,-0.43848902202869794,0.21481303870677948,-0.029339781031012535,-0.015435045585036278,0.024865351617336273,-0.10856831073760986,-0.06327261030673981,1.0,1.0,-0.9321633025853732,-0.9595108752570657
197.0,-0.22342666524551077,0.2146216332912445,-0.02880627103149891,-0.01618342101573944,0.02348846010863781,-0.11150643974542618,-0.05877784639596939,1.0,1.0,-1.0675719064021938,-1.0476368599305548
198.0,-0.02152760307637777,0.2144545614719391,-0.028310563415288925,-0.013871295377612114,0.021817611530423164,-0.11432277411222458,-0.056326281279325485,1.0,1.0,-1.0383889994626732,-1.085017918490561
199.0,-0.06371193308242937,0.2143109291791916,-0.027841784060001373,-0.01162631157785654,0.020623289048671722,-0.11704231798648834,-0.054390620440244675,1.0,1.0,-1.0704966509500002,-1.0784084708517114
200.0,-0.2045685319651713,0.2141571044921875,-0.02740483544766903,-0.012882319279015064,0.01922190561890602,-0.11953165382146835,-0.049787238240242004,1.0,1.0,-1.0451116106135945,-1.0995650558757974
201.0,-0.18663882219994463,0.21401099860668182,-0.02697564661502838,-0.012135336175560951,0.018875427544116974,-0.12199666351079941,-0.049300406128168106,1.0,1.0,-0.7734764080001264,-1.1070809910821091
202.0,-0.2322448704760339,0.21386632323265076,-0.02654971182346344,-0.011994297616183758,0.018727263435721397,-0.12444794178009033,-0.04902610927820206,1.0,1.0,-0.8784624084381802,-0.8948774265253708
203.0,-0.20699470318546417,0.21373406052589417,-0.026119843125343323,-0.01070092711597681,0.018892908468842506,-0.12696751952171326,-0.0503903403878212,1.0,1.0,-0.9684300340880898,-0.8675733779114214
204.0,-0.3236617790798024,0.21361398696899414,-0.025663115084171295,-0.009219309315085411,0.020063258707523346,-0.1297273188829422,-0.05518487095832825,1.0,1.0,-1.0132549272432947,-0.9460467518041742
205.0,-0.36709019563420126,0.21348866820335388,-0.025192763656377792,-0.009666256606578827,0.02065674588084221,-0.13256272673606873,-0.05669701099395752,1.0,1.0,-0.9099116967253831,-0.9636507822126411
206.0,-0.4378374046807554,0.21334275603294373,-0.024709787219762802,-0.011748814955353737,0.02121143788099289,-0.13540075719356537,-0.05675651505589485,1.0,1.0,-1.0147631556942858,-1.073227996496038
207.0,-0.41705288289895265,0.21317586302757263,-0.024220338091254234,-0.013871545903384686,0.02149483934044838,-0.13819947838783264,-0.05597808212041855,1.0,1.0,-1.0164728705941846,-0.863658975260353
208.0,-0.32235269334037864,0.21300038695335388,-0.023733248934149742,-0.014796623960137367,0.021387213841080666,-0.14094994962215424,-0.05501682311296463,1.0,1.0,-1.097055212910432,-0.9242927608089486
209.0,-0.29818468525663744,0.21281680464744568,-0.023253491148352623,-0.015683839097619057,0.02106291987001896,-0.14362101256847382,-0.05343249440193176,1.0,1.0,-1.0280665927140518,-0.972895875575983
210.0,-0.18477656441713208,0.21264371275901794,-0.022780992090702057,-0.014613211154937744,0.02073831297457218,-0.14631488919258118,-0.05387664586305618,1.0,1.0,-0.9168486455192315,-0.8928737595221965
211.0,-0.28663694805036016,0.21246537566184998,-0.022313501685857773,-0.015174293890595436,0.02051408216357231,-0.1489643007516861,-0.05298825353384018,1.0,1.0,-1.1286801806912887,-0.9898300664735868
212.0,-0.3111006918027204,0.2122812271118164,-0.02184486575424671,-0.015775980427861214,0.02056140825152397,-0.15160706639289856,-0.05285480618476868,1.0,1.0,-0.925647506037496,-1.03943299035522
213.0,0.40053436741205073,0.21206417679786682,-0.021791866049170494,-0.022037288174033165,0.0023911402095109224,-0.1512726992368698,0.006688382476568222,1.0,1.0,-1.0460440936710127,-1.0247784817964267
214.0,-0.06898156828139321,0.21183720231056213,-0.021747983992099762,-0.023052912205457687,0.0019857953302562237,-0.15092113614082336,0.007029972039163113,1.0,1.0,-1.0342535191563929,-1.2206645536254148
215.0,0.41732570665634966,0.21164922416210175,-0.021707214415073395,-0.01908698119223118,0.0018426028545945883,-0.15063075721263885,0.005807647481560707,1.0,1.0,-1.0645256962364789,-0.9027960497027365
216.0,0.22344500091944014,0.21148128807544708,-0.021670415997505188,-0.01704905368387699,0.0016601968090981245,-0.15037143230438232,0.005186603404581547,1.0,1.0,-0.8846279392147971,-0.8057100297799693
217.0,0.21856150354012385,0.21133403480052948,-0.021638335660099983,-0.014951172284781933,0.0014494460774585605,-0.15014399588108063,0.004548765253275633,1.0,1.0,-0.8644035848254435,-1.1398023639488344
218.0,0.006471570589492617,0.2111864984035492,-0.021605970337986946,-0.014980519190430641,0.0014614086830988526,-0.1499161571264267,0.004557098262012005,1.0,1.0,-0.8197997792342212,-0.942728808614049
219.0,0.2807730414932348,0.21106643974781036,-0.02157982811331749,-0.012194521725177765,0.0011803291272372007,-0.1497306525707245,0.0037101521156728268,1.0,1.0,-0.8628744101415078,-1.118619538171612
220.0,-0.0982326692505967,0.2109362632036209,-0.02155139669775963,-0.013219389133155346,0.0012841803254559636,-0.1495295763015747,0.0040216404013335705,1.0,1.0,-1.21586999729938,-0.952298104688338
221.0,0.14023974658351904,0.210819810628891,-0.021526005119085312,-0.011822047643363476,0.001146365306340158,-0.14934971928596497,0.0035966988652944565,1.0,1.0,-0.9029165384764335,-1.0585835561327506
222.0,0.07285524728717065,0.21071061491966248,-0.02150222286581993,-0.011084434576332569,0.0010739525314420462,-0.14918111264705658,0.003372271079570055,1.0,1.0,-0.9819042589123405,-0.9741974809533296
223.0,0.13941697901911823,0.21061572432518005,-0.021481730043888092,-0.009641116484999657,0.0009243101230822504,-0.14903444051742554,0.0029337250161916018,1.0,1.0,-0.8361734560295084,-1.0279885409443763
224.0,0.07394707247009137,0.21052876114845276,-0.021462704986333847,-0.008832959458231926,0.0008584574097767472,-0.1489000916481018,0.0026871070731431246,1.0,1.0,-0.8688089500931261,-0.9802644177236797
225.0,0.06171270138004388,0.21044835448265076,-0.021445145830512047,-0.008163608610630035,0.000793786661233753,-0.14877593517303467,0.002483486896380782,1.0,1.0,-1.1202068048127005,-0.8708611731246221
226.0,-0.030671357262539514,0.21036557853221893,-0.021427085623145103,-0.008400900289416313,0.0008149856585077941,-0.14864814281463623,0.002555742161348462,1.0,1.0,-1.1605229265532042,-0.9348660385811658
227.0,0.2528543903229743,0.2103092223405838,-0.021414712071418762,-0.0057289632968604565,0.0005597932613454759,-0.1485610157251358,0.0017426700796931982,1.0,1.0,-1.1197688503949208,-1.1007217144149868
228.0,-0.013049637492115379,0.210253044962883,-0.021402623504400253,-0.005704634822905064,0.0005454298807308078,-0.14847421646118164,0.001735945581458509,1.0,1.0,-1.0856970474436018,-1.029876577344315
229.0,0.15217631285796926,0.21021327376365662,-0.0213937908411026,-0.0040297117084264755,0.00039964233292266726,-0.14841294288635254,0.0012254236498847604,1.0,1.0,-0.8021271085947838,-0.8704629799688224
230.0,0.17509040935866693,0.21019315719604492,-0.02138935588300228,-0.0020455755293369293,0.00019972893642261624,-0.14838182926177979,0.00062221207190305,1.0,1.0,-1.0564703041317385,-0.9828492901132032
231.0,0.13048365779226884,0.21019764244556427,-0.02139057219028473,0.00045047426829114556,-5.489432442118414e-05,-0.1483890414237976,-0.00014067639131098986,1.0,1.0,-1.0233529552889866,-0.9495513979476892
232.0,-0.07753900973249131,0.21020689606666565,-0.021392645314335823,0.0009432529332116246,-9.367520397063345e-05,-0.14840418100357056,-0.00029553211061283946,1.0,1.0,-1.0958996764772808,-0.8558368023148359
233.0,-0.005469914276465315,0.21019963920116425,-0.021390965208411217,-0.0007344518089666963,7.467711839126423e-05,-0.14839239418506622,0.00023002843954600394,1.0,1.0,-0.9138279924424931,-0.9450708197595147
234.0,0.014621471025081406,0.21019677817821503,-0.021390285342931747,-0.0002979872515425086,3.234111864003353e-05,-0.1483875960111618,9.322352707386017e-05,1.0,1.0,-1.0585276422962528,-1.1071805760431834
235.0,-0.017795161665509623,0.21019497513771057,-0.02138989232480526,-0.00018164546054322273,1.6975805920083076e-05,-0.148384690284729,5.69858166272752e-05,1.0,1.0,-1.1546721376667404,-1.1450582741144655
236.0,-0.06773131712731015,0.21020030975341797,-0.021391144022345543,0.0005424200790002942,-5.9032146964455023e-05,-0.14839337766170502,-0.00016970343131106347,1.0,1.0,-1.070969947792921,-1.0943472335560918
237.0,-0.07355410617872393,0.2102099359035492,-0.0213931817561388,0.000975613365881145,-9.169327677227557e-05,-0.14840905368328094,-0.0003059057635255158,1.0,1.0,-0.8526726005379072,-0.919287059868003
238.0,0.06415670779720387,0.21020956337451935,-0.02139311097562313,-3.924601696780883e-05,2.971446065203054e-06,-0.1484084278345108,1.2329660421528388e-05,1.0,1.0,-0.9476154664322034,-1.0456518905983814
239.0,-0.13163433335370797,0.21019887924194336,-0.02139071375131607,-0.0010784557089209557,0.00010835807188414037,-0.14839111268520355,0.0003378477122168988,1.0,1.0,-1.0426545194314973,-1.1661461741404358
240.0,0.03203224370068654,0.2102036476135254,-0.02139168046414852,0.00048052932834252715,-4.529262150754221e-05,-0.14839883148670197,-0.0001506660773884505,1.0,1.0,-1.029572067668498,-0.894478861319095
241.0,-0.023043183656070026,0.21019944548606873,-0.0213906429708004,-0.0004216568195261061,4.5789271098328754e-05,-0.14839206635951996,0.00013193096674513072,1.0,1.0,-0.9251383602806059,-1.0813473080667433
242.0,-0.03774233830901039,0.21020451188087463,-0.021391786634922028,0.0005140498979017138,-5.305448576109484e-05,-0.14840029180049896,-0.0001609829196240753,1.0,1.0,-1.0234808947719367,-0.9046959965768464
243.0,-0.006856084657640621,0.2102072685956955,-0.021392501890659332,0.00027622474590316415,-3.2171050406759605e-05,-0.14840471744537354,-8.631615492049605e-05,1.0,1.0,-0.9933316348180793,-1.011670905287737
244.0,-0.028349765441259365,0.21020451188087463,-0.02139193005859852,-0.00027567584766075015,2.4736458726692945e-05,-0.14840029180049896,8.646603964734823e-05,1.0,1.0,-1.1028070025339873,-0.9734704044273125
245.0,-0.07613275924842895,0.21019697189331055,-0.021390177309513092,-0.0007691652863286436,7.973522588144988e-05,-0.14838793873786926,0.00024086578923743218,1.0,1.0,-1.098761847048186,-0.9494989248090034
246.0,-0.06771305598335005,0.210185244679451,-0.0213874951004982,-0.001194212818518281,0.00012113805132685229,-0.14836978912353516,0.00036299158819019794,1.0,1.0,-1.1125101540980316,-0.9338921191956104
247.0,0.0722174732920979,0.21018743515014648,-0.02138778194785118,0.00022536874166689813,-1.2667899682128336e-05,-0.14837342500686646,-7.106988050509244e-05,1.0,1.0,-1.0390293184188222,-0.8219828839748007
248.0,-0.008902852928583227,0.21018686890602112,-0.021387746557593346,-6.132909038569778e-05,1.6501102209076635e-06,-0.14837245643138885,1.939740286616143e-05,1.0,1.0,-1.0019415342637419,-0.8498106821059321
249.0,-0.1651836587831201,0.21017274260520935,-0.0213847067207098,-0.001443108543753624,0.00013598953955806792,-0.14835049211978912,0.0004392549453768879,1.0,1.0,-1.09463429442623,-1.0192397155109094
250.0,0.01228302420240766,0.21016207337379456,-0.021382346749305725,-0.001078146742656827,0.00010693092190194875,-0.1483341008424759,0.0003278660005889833,1.0,1.0,-0.857024213574141,-0.9016383508575021
251.0,0.06653099263393386,0.2101607322692871,-0.021382024511694908,-0.00014018510410096496,1.3883316569263116e-05,-0.14833195507526398,4.262879156158306e-05,1.0,1.0,-0.9617504511436479,-0.9358744361546404
252.0,-0.026568805097748508,0.21016168594360352,-0.02138230949640274,0.00010698682308429852,-1.1958763025177177e-05,-0.14833366870880127,-3.346661469549872e-05,1.0,1.0,-0.9944488241081071,-0.9873815688066383
253.0,-0.1310276212646346,0.21017245948314667,-0.021384598687291145,0.0010846650693565607,-0.00010313233360648155,-0.14835108816623688,-0.00034005509223788977,1.0,1.0,-0.8886463634072134,-1.0797174217109986
254.0,0.037490654911310345,0.21017637848854065,-0.02138552814722061,0.0004020996275357902,-4.1291244997410104e-05,-0.1483575403690338,-0.00012593565043061972,1.0,1.0,-0.905018550457779,-1.0412488854065243
255.0,100.0,0.2101682722568512,-0.02138359844684601,0.0,0.0,-0.14834438264369965,0.0,1.0,1.0,-1.1230276159799286,-0.943610529251621
